#Pruebas lindas
1;0;Arroz Diana;Es un arroz deliciosos para el consumo y rico en proteinas.;12;11;2045;12;
2;1;Carne Enlatada;Esta carne se encuentra enlatada para una mejor preservación;11;8;2056;3;
3;5;Tilapia;Este pescado es de color rojo y se puede encontrar en colombia.;8;3;2024;20;
4;3;Leche;Este producto proporciona gran cantidad de hierro en el cuerpo para su vasto crecimiento;12;11;2023;50;
5;2;Cuca;Este producto es exquisito para el paladar y la degustación del humano.;1;5;2023;50;
6;1;Chorizo enlatado;El chorizo es rico en grasas;29;4;2040;20;
7;1;Frijol enlatado;Los frijoles son la mejor comida que puedes encontrar;24;6;2029;40;
8;1;Sashimi enlatado;Un poco de sashimi en la vida no hace mal.;22;7;2027;77;
9;1;Duraznos enlatados;Duraznos exquisitos para toda la familia;10;10;2043;38;
10;1;Sopa enlatada;Una sopa echa con el amor de mama.;11;8;2056;3;

# Pruebas de capacidad
1;0;1;1;1;1;2031;1;
2;0;1;1;1;1;2031;1;
3;0;1;1;1;1;2031;1;
4;0;1;1;1;1;2031;1;
5;0;1;1;1;1;2031;1;
6;0;1;1;1;1;2031;1;
7;0;1;1;1;1;2031;1;
8;0;1;1;1;1;2031;1;
9;0;1;1;1;1;2031;1;
10;0;1;1;1;1;2031;1;
11;0;1;1;1;1;2031;1;
12;0;1;1;1;1;2031;1;
13;0;1;1;1;1;2031;1;
14;0;1;1;1;1;2031;1;
15;0;1;1;1;1;2031;1;
16;0;1;1;1;1;2031;1;
17;0;1;1;1;1;2031;1;
18;0;1;1;1;1;2031;1;
19;0;1;1;1;1;2031;1;
20;0;1;1;1;1;2031;1;
21;0;1;1;1;1;2031;1;
22;0;1;1;1;1;2031;1;
23;0;1;1;1;1;2031;1;
24;0;1;1;1;1;2031;1;
25;0;1;1;1;1;2031;1;
26;0;1;1;1;1;2031;1;
27;0;1;1;1;1;2031;1;
28;0;1;1;1;1;2031;1;
29;0;1;1;1;1;2031;1;
30;0;1;1;1;1;2031;1;
31;0;1;1;1;1;2031;1;
32;0;1;1;1;1;2031;1;
33;0;1;1;1;1;2031;1;
34;0;1;1;1;1;2031;1;
35;0;1;1;1;1;2031;1;
36;0;1;1;1;1;2031;1;
37;0;1;1;1;1;2031;1;
38;0;1;1;1;1;2031;1;
39;0;1;1;1;1;2031;1;
40;0;1;1;1;1;2031;1;
41;0;1;1;1;1;2031;1;
42;0;1;1;1;1;2031;1;
43;0;1;1;1;1;2031;1;
44;0;1;1;1;1;2031;1;
45;0;1;1;1;1;2031;1;
46;0;1;1;1;1;2031;1;
47;0;1;1;1;1;2031;1;
48;0;1;1;1;1;2031;1;
49;0;1;1;1;1;2031;1;
50;0;1;1;1;1;2031;1;
51;0;1;1;1;1;2031;1;
52;0;1;1;1;1;2031;1;
53;0;1;1;1;1;2031;1;
54;0;1;1;1;1;2031;1;
55;0;1;1;1;1;2031;1;
56;0;1;1;1;1;2031;1;
57;0;1;1;1;1;2031;1;
58;0;1;1;1;1;2031;1;
59;0;1;1;1;1;2031;1;
60;0;1;1;1;1;2031;1;
61;0;1;1;1;1;2031;1;
62;0;1;1;1;1;2031;1;
63;0;1;1;1;1;2031;1;
64;0;1;1;1;1;2031;1;
65;0;1;1;1;1;2031;1;
66;0;1;1;1;1;2031;1;
67;0;1;1;1;1;2031;1;
68;0;1;1;1;1;2031;1;
69;0;1;1;1;1;2031;1;
70;0;1;1;1;1;2031;1;
71;0;1;1;1;1;2031;1;
72;0;1;1;1;1;2031;1;
73;0;1;1;1;1;2031;1;
74;0;1;1;1;1;2031;1;
75;0;1;1;1;1;2031;1;
76;0;1;1;1;1;2031;1;
77;0;1;1;1;1;2031;1;
78;0;1;1;1;1;2031;1;
79;0;1;1;1;1;2031;1;
80;0;1;1;1;1;2031;1;
81;0;1;1;1;1;2031;1;
82;0;1;1;1;1;2031;1;
83;0;1;1;1;1;2031;1;
84;0;1;1;1;1;2031;1;
85;0;1;1;1;1;2031;1;
86;0;1;1;1;1;2031;1;
87;0;1;1;1;1;2031;1;
88;0;1;1;1;1;2031;1;
89;0;1;1;1;1;2031;1;
90;0;1;1;1;1;2031;1;
91;0;1;1;1;1;2031;1;
92;0;1;1;1;1;2031;1;
93;0;1;1;1;1;2031;1;
94;0;1;1;1;1;2031;1;
95;0;1;1;1;1;2031;1;
96;0;1;1;1;1;2031;1;
97;0;1;1;1;1;2031;1;
98;0;1;1;1;1;2031;1;
99;0;1;1;1;1;2031;1;
100;0;1;1;1;1;2031;1;
101;0;1;1;1;1;2031;1;
102;0;1;1;1;1;2031;1;
103;0;1;1;1;1;2031;1;
104;0;1;1;1;1;2031;1;
105;0;1;1;1;1;2031;1;
106;0;1;1;1;1;2031;1;
107;0;1;1;1;1;2031;1;
108;0;1;1;1;1;2031;1;
109;0;1;1;1;1;2031;1;
110;0;1;1;1;1;2031;1;
111;0;1;1;1;1;2031;1;
112;0;1;1;1;1;2031;1;
113;0;1;1;1;1;2031;1;
114;0;1;1;1;1;2031;1;
115;0;1;1;1;1;2031;1;
116;0;1;1;1;1;2031;1;
117;0;1;1;1;1;2031;1;
118;0;1;1;1;1;2031;1;
119;0;1;1;1;1;2031;1;
120;0;1;1;1;1;2031;1;
121;0;1;1;1;1;2031;1;
122;0;1;1;1;1;2031;1;
123;0;1;1;1;1;2031;1;
124;0;1;1;1;1;2031;1;
125;0;1;1;1;1;2031;1;
126;0;1;1;1;1;2031;1;
127;0;1;1;1;1;2031;1;
128;0;1;1;1;1;2031;1;
129;0;1;1;1;1;2031;1;
130;0;1;1;1;1;2031;1;
131;0;1;1;1;1;2031;1;
132;0;1;1;1;1;2031;1;
133;0;1;1;1;1;2031;1;
134;0;1;1;1;1;2031;1;
135;0;1;1;1;1;2031;1;
136;0;1;1;1;1;2031;1;
137;0;1;1;1;1;2031;1;
138;0;1;1;1;1;2031;1;
139;0;1;1;1;1;2031;1;
140;0;1;1;1;1;2031;1;
141;0;1;1;1;1;2031;1;
142;0;1;1;1;1;2031;1;
143;0;1;1;1;1;2031;1;
144;0;1;1;1;1;2031;1;
145;0;1;1;1;1;2031;1;
146;0;1;1;1;1;2031;1;
147;0;1;1;1;1;2031;1;
148;0;1;1;1;1;2031;1;
149;0;1;1;1;1;2031;1;
150;0;1;1;1;1;2031;1;
151;0;1;1;1;1;2031;1;
152;0;1;1;1;1;2031;1;
153;0;1;1;1;1;2031;1;
154;0;1;1;1;1;2031;1;
155;0;1;1;1;1;2031;1;
156;0;1;1;1;1;2031;1;
157;0;1;1;1;1;2031;1;
158;0;1;1;1;1;2031;1;
159;0;1;1;1;1;2031;1;
160;0;1;1;1;1;2031;1;
161;0;1;1;1;1;2031;1;
162;0;1;1;1;1;2031;1;
163;0;1;1;1;1;2031;1;
164;0;1;1;1;1;2031;1;
165;0;1;1;1;1;2031;1;
166;0;1;1;1;1;2031;1;
167;0;1;1;1;1;2031;1;
168;0;1;1;1;1;2031;1;
169;0;1;1;1;1;2031;1;
170;0;1;1;1;1;2031;1;
171;0;1;1;1;1;2031;1;
172;0;1;1;1;1;2031;1;
173;0;1;1;1;1;2031;1;
174;0;1;1;1;1;2031;1;
175;0;1;1;1;1;2031;1;
176;0;1;1;1;1;2031;1;
177;0;1;1;1;1;2031;1;
178;0;1;1;1;1;2031;1;
179;0;1;1;1;1;2031;1;
180;0;1;1;1;1;2031;1;
181;0;1;1;1;1;2031;1;
182;0;1;1;1;1;2031;1;
183;0;1;1;1;1;2031;1;
184;0;1;1;1;1;2031;1;
185;0;1;1;1;1;2031;1;
186;0;1;1;1;1;2031;1;
187;0;1;1;1;1;2031;1;
188;0;1;1;1;1;2031;1;
189;0;1;1;1;1;2031;1;
190;0;1;1;1;1;2031;1;
191;0;1;1;1;1;2031;1;
192;0;1;1;1;1;2031;1;
193;0;1;1;1;1;2031;1;
194;0;1;1;1;1;2031;1;
195;0;1;1;1;1;2031;1;
196;0;1;1;1;1;2031;1;
197;0;1;1;1;1;2031;1;
198;0;1;1;1;1;2031;1;
199;0;1;1;1;1;2031;1;
200;0;1;1;1;1;2031;1;
201;0;1;1;1;1;2031;1;
202;0;1;1;1;1;2031;1;
203;0;1;1;1;1;2031;1;
204;0;1;1;1;1;2031;1;
205;0;1;1;1;1;2031;1;
206;0;1;1;1;1;2031;1;
207;0;1;1;1;1;2031;1;
208;0;1;1;1;1;2031;1;
209;0;1;1;1;1;2031;1;
210;0;1;1;1;1;2031;1;
211;0;1;1;1;1;2031;1;
212;0;1;1;1;1;2031;1;
213;0;1;1;1;1;2031;1;
214;0;1;1;1;1;2031;1;
215;0;1;1;1;1;2031;1;
216;0;1;1;1;1;2031;1;
217;0;1;1;1;1;2031;1;
218;0;1;1;1;1;2031;1;
219;0;1;1;1;1;2031;1;
220;0;1;1;1;1;2031;1;
221;0;1;1;1;1;2031;1;
222;0;1;1;1;1;2031;1;
223;0;1;1;1;1;2031;1;
224;0;1;1;1;1;2031;1;
225;0;1;1;1;1;2031;1;
226;0;1;1;1;1;2031;1;
227;0;1;1;1;1;2031;1;
228;0;1;1;1;1;2031;1;
229;0;1;1;1;1;2031;1;
230;0;1;1;1;1;2031;1;
231;0;1;1;1;1;2031;1;
232;0;1;1;1;1;2031;1;
233;0;1;1;1;1;2031;1;
234;0;1;1;1;1;2031;1;
235;0;1;1;1;1;2031;1;
236;0;1;1;1;1;2031;1;
237;0;1;1;1;1;2031;1;
238;0;1;1;1;1;2031;1;
239;0;1;1;1;1;2031;1;
240;0;1;1;1;1;2031;1;
241;0;1;1;1;1;2031;1;
242;0;1;1;1;1;2031;1;
243;0;1;1;1;1;2031;1;
244;0;1;1;1;1;2031;1;
245;0;1;1;1;1;2031;1;
246;0;1;1;1;1;2031;1;
247;0;1;1;1;1;2031;1;
248;0;1;1;1;1;2031;1;
249;0;1;1;1;1;2031;1;
250;0;1;1;1;1;2031;1;
251;0;1;1;1;1;2031;1;
252;0;1;1;1;1;2031;1;
253;0;1;1;1;1;2031;1;
254;0;1;1;1;1;2031;1;
255;0;1;1;1;1;2031;1;
256;0;1;1;1;1;2031;1;
257;0;1;1;1;1;2031;1;
258;0;1;1;1;1;2031;1;
259;0;1;1;1;1;2031;1;
260;0;1;1;1;1;2031;1;
261;0;1;1;1;1;2031;1;
262;0;1;1;1;1;2031;1;
263;0;1;1;1;1;2031;1;
264;0;1;1;1;1;2031;1;
265;0;1;1;1;1;2031;1;
266;0;1;1;1;1;2031;1;
267;0;1;1;1;1;2031;1;
268;0;1;1;1;1;2031;1;
269;0;1;1;1;1;2031;1;
270;0;1;1;1;1;2031;1;
271;0;1;1;1;1;2031;1;
272;0;1;1;1;1;2031;1;
273;0;1;1;1;1;2031;1;
274;0;1;1;1;1;2031;1;
275;0;1;1;1;1;2031;1;
276;0;1;1;1;1;2031;1;
277;0;1;1;1;1;2031;1;
278;0;1;1;1;1;2031;1;
279;0;1;1;1;1;2031;1;
280;0;1;1;1;1;2031;1;
281;0;1;1;1;1;2031;1;
282;0;1;1;1;1;2031;1;
283;0;1;1;1;1;2031;1;
284;0;1;1;1;1;2031;1;
285;0;1;1;1;1;2031;1;
286;0;1;1;1;1;2031;1;
287;0;1;1;1;1;2031;1;
288;0;1;1;1;1;2031;1;
289;0;1;1;1;1;2031;1;
290;0;1;1;1;1;2031;1;
291;0;1;1;1;1;2031;1;
292;0;1;1;1;1;2031;1;
293;0;1;1;1;1;2031;1;
294;0;1;1;1;1;2031;1;
295;0;1;1;1;1;2031;1;
296;0;1;1;1;1;2031;1;
297;0;1;1;1;1;2031;1;
298;0;1;1;1;1;2031;1;
299;0;1;1;1;1;2031;1;
300;0;1;1;1;1;2031;1;
301;0;1;1;1;1;2031;1;
302;0;1;1;1;1;2031;1;
303;0;1;1;1;1;2031;1;
304;0;1;1;1;1;2031;1;
305;0;1;1;1;1;2031;1;
306;0;1;1;1;1;2031;1;
307;0;1;1;1;1;2031;1;
308;0;1;1;1;1;2031;1;
309;0;1;1;1;1;2031;1;
310;0;1;1;1;1;2031;1;
311;0;1;1;1;1;2031;1;
312;0;1;1;1;1;2031;1;
313;0;1;1;1;1;2031;1;
314;0;1;1;1;1;2031;1;
315;0;1;1;1;1;2031;1;
316;0;1;1;1;1;2031;1;
317;0;1;1;1;1;2031;1;
318;0;1;1;1;1;2031;1;
319;0;1;1;1;1;2031;1;
320;0;1;1;1;1;2031;1;
321;0;1;1;1;1;2031;1;
322;0;1;1;1;1;2031;1;
323;0;1;1;1;1;2031;1;
324;0;1;1;1;1;2031;1;
325;0;1;1;1;1;2031;1;
326;0;1;1;1;1;2031;1;
327;0;1;1;1;1;2031;1;
328;0;1;1;1;1;2031;1;
329;0;1;1;1;1;2031;1;
330;0;1;1;1;1;2031;1;
331;0;1;1;1;1;2031;1;
332;0;1;1;1;1;2031;1;
333;0;1;1;1;1;2031;1;
334;0;1;1;1;1;2031;1;
335;0;1;1;1;1;2031;1;
336;0;1;1;1;1;2031;1;
337;0;1;1;1;1;2031;1;
338;0;1;1;1;1;2031;1;
339;0;1;1;1;1;2031;1;
340;0;1;1;1;1;2031;1;
341;0;1;1;1;1;2031;1;
342;0;1;1;1;1;2031;1;
343;0;1;1;1;1;2031;1;
344;0;1;1;1;1;2031;1;
345;0;1;1;1;1;2031;1;
346;0;1;1;1;1;2031;1;
347;0;1;1;1;1;2031;1;
348;0;1;1;1;1;2031;1;
349;0;1;1;1;1;2031;1;
350;0;1;1;1;1;2031;1;
351;0;1;1;1;1;2031;1;
352;0;1;1;1;1;2031;1;
353;0;1;1;1;1;2031;1;
354;0;1;1;1;1;2031;1;
355;0;1;1;1;1;2031;1;
356;0;1;1;1;1;2031;1;
357;0;1;1;1;1;2031;1;
358;0;1;1;1;1;2031;1;
359;0;1;1;1;1;2031;1;
360;0;asd;asd;12;12;2026;12;
361;0;1;1;1;1;2031;1;
362;0;1;1;1;1;2031;1;
363;0;1;1;1;1;2031;1;
364;0;1;1;1;1;2031;1;
365;0;1;1;1;1;2031;1;
366;0;1;1;1;1;2031;1;
367;0;1;1;1;1;2031;1;
368;0;1;1;1;1;2031;1;
369;0;1;1;1;1;2031;1;
370;0;1;1;1;1;2031;1;
371;0;1;1;1;1;2031;1;
372;0;1;1;1;1;2031;1;
373;0;1;1;1;1;2031;1;
374;0;1;1;1;1;2031;1;
375;0;1;1;1;1;2031;1;
376;0;1;1;1;1;2031;1;
377;0;1;1;1;1;2031;1;